0.0, 0.9777777777777779, 0.9777777777777779, 0.2905982905982906, 0.9777777777777779, 0.9777777777777779, 0.270042194092827, 0.27999999999999997, 0.9777777777777779, 0.9199999999999999, 0.9199999999999999, 0.9777777777777779, 0.8755555555555556, 0.9199999999999999, 0.9777777777777779, 0.9111111111111111, 0.2622222222222222, 0.9866666666666667, 0.9777777777777779, 0.26666666666666666
0.9777777777777779, 0.0, 0.19444444444444442, 0.9786324786324787, 0.912280701754386, 0.16666666666666666, 0.9789029535864979, 0.9774774774774775, 0.19444444444444442, 0.20833333333333334, 0.20833333333333334, 0.16666666666666666, 0.14285714285714288, 0.20833333333333334, 0.041666666666666664, 0.16666666666666666, 0.9, 0.8571428571428571, 0.22916666666666666, 0.9777777777777779
0.9777777777777779, 0.19444444444444442, 0.0, 0.9786324786324787, 0.912280701754386, 0.19444444444444442, 0.9789029535864979, 0.9774774774774775, 0.19444444444444442, 0.25, 0.25, 0.19444444444444442, 0.28571428571428575, 0.25, 0.19444444444444442, 0.22222222222222224, 0.861111111111111, 0.8571428571428571, 0.22916666666666666, 0.9777777777777779
0.2905982905982906, 0.9786324786324787, 0.9786324786324787, 0.0, 0.9786324786324787, 0.9786324786324787, 0.2658227848101266, 0.2735042735042735, 0.9786324786324787, 0.9444444444444445, 0.9444444444444445, 0.9786324786324787, 0.9914529914529915, 0.9444444444444445, 0.9786324786324787, 0.9444444444444445, 0.2435897435897436, 0.8632478632478633, 0.9786324786324787, 0.2905982905982906
0.9777777777777779, 0.912280701754386, 0.912280701754386, 0.9786324786324787, 0.0, 0.912280701754386, 0.9789029535864979, 0.9774774774774775, 0.912280701754386, 0.9649122807017544, 0.9649122807017544, 0.912280701754386, 0.7894736842105262, 0.9649122807017544, 0.912280701754386, 0.912280701754386, 0.8596491228070176, 0.15789473684210528, 0.912280701754386, 0.9777777777777779
0.9777777777777779, 0.16666666666666666, 0.19444444444444442, 0.9786324786324787, 0.912280701754386, 0.0, 0.9789029535864979, 0.9774774774774775, 0.19444444444444442, 0.10000000000000002, 0.10000000000000002, 0.033333333333333326, 0.16666666666666666, 0.10000000000000002, 0.16666666666666666, 0.19999999999999998, 0.9, 0.8571428571428571, 0.22916666666666666, 0.9777777777777779
0.270042194092827, 0.9789029535864979, 0.9789029535864979, 0.2658227848101266, 0.9789029535864979, 0.9789029535864979, 0.0, 0.2911392405063291, 0.9789029535864979, 0.949367088607595, 0.949367088607595, 0.9789029535864979, 0.9915611814345991, 0.949367088607595, 0.9789029535864979, 0.940928270042194, 0.23206751054852318, 0.869198312236287, 0.9789029535864979, 0.270042194092827
0.27999999999999997, 0.9774774774774775, 0.9774774774774775, 0.2735042735042735, 0.9774774774774775, 0.9774774774774775, 0.2911392405063291, 0.0, 0.9774774774774775, 0.9234234234234234, 0.9234234234234234, 0.9774774774774775, 0.8783783783783784, 0.9234234234234234, 0.9774774774774775, 0.9144144144144143, 0.2522522522522523, 0.990990990990991, 0.9774774774774775, 0.27999999999999997
0.9777777777777779, 0.19444444444444442, 0.19444444444444442, 0.9786324786324787, 0.912280701754386, 0.19444444444444442, 0.9789029535864979, 0.9774774774774775, 0.0, 0.22222222222222224, 0.22222222222222224, 0.19444444444444442, 0.11904761904761903, 0.22222222222222224, 0.19444444444444442, 0.22222222222222224, 0.8333333333333334, 0.8333333333333334, 0.22916666666666666, 0.9777777777777779
0.9199999999999999, 0.20833333333333334, 0.25, 0.9444444444444445, 0.9649122807017544, 0.10000000000000002, 0.949367088607595, 0.9234234234234234, 0.22222222222222224, 0.0, 0.041666666666666664, 0.10000000000000002, 0.2380952380952381, 0.041666666666666664, 0.20833333333333334, 0.20833333333333334, 0.9, 0.8571428571428571, 0.22916666666666666, 0.9466666666666667
0.9199999999999999, 0.20833333333333334, 0.25, 0.9444444444444445, 0.9649122807017544, 0.10000000000000002, 0.949367088607595, 0.9234234234234234, 0.22222222222222224, 0.041666666666666664, 0.0, 0.10000000000000002, 0.2380952380952381, 0.041666666666666664, 0.20833333333333334, 0.20833333333333334, 0.9, 0.8571428571428571, 0.22916666666666666, 0.9466666666666667
0.9777777777777779, 0.16666666666666666, 0.19444444444444442, 0.9786324786324787, 0.912280701754386, 0.033333333333333326, 0.9789029535864979, 0.9774774774774775, 0.19444444444444442, 0.10000000000000002, 0.10000000000000002, 0.0, 0.16666666666666666, 0.10000000000000002, 0.16666666666666666, 0.19999999999999998, 0.9, 0.8571428571428571, 0.22916666666666666, 0.9777777777777779
0.8755555555555556, 0.14285714285714288, 0.28571428571428575, 0.9914529914529915, 0.7894736842105262, 0.16666666666666666, 0.9915611814345991, 0.8783783783783784, 0.11904761904761903, 0.2380952380952381, 0.2380952380952381, 0.16666666666666666, 0.0, 0.2380952380952381, 0.14285714285714288, 0.21428571428571427, 0.8333333333333334, 0.8809523809523809, 0.0625, 0.8666666666666667
0.9199999999999999, 0.20833333333333334, 0.25, 0.9444444444444445, 0.9649122807017544, 0.10000000000000002, 0.949367088607595, 0.9234234234234234, 0.22222222222222224, 0.041666666666666664, 0.041666666666666664, 0.10000000000000002, 0.2380952380952381, 0.0, 0.20833333333333334, 0.20833333333333334, 0.9, 0.8571428571428571, 0.22916666666666666, 0.9466666666666667
0.9777777777777779, 0.041666666666666664, 0.19444444444444442, 0.9786324786324787, 0.912280701754386, 0.16666666666666666, 0.9789029535864979, 0.9774774774774775, 0.19444444444444442, 0.20833333333333334, 0.20833333333333334, 0.16666666666666666, 0.14285714285714288, 0.20833333333333334, 0.0, 0.16666666666666666, 0.9, 0.8571428571428571, 0.22916666666666666, 0.9777777777777779
0.9111111111111111, 0.16666666666666666, 0.22222222222222224, 0.9444444444444445, 0.912280701754386, 0.19999999999999998, 0.940928270042194, 0.9144144144144143, 0.22222222222222224, 0.20833333333333334, 0.20833333333333334, 0.19999999999999998, 0.21428571428571427, 0.20833333333333334, 0.16666666666666666, 0.0, 0.9, 0.8809523809523809, 0.16666666666666666, 0.9377777777777778
0.2622222222222222, 0.9, 0.861111111111111, 0.2435897435897436, 0.8596491228070176, 0.9, 0.23206751054852318, 0.2522522522522523, 0.8333333333333334, 0.9, 0.9, 0.9, 0.8333333333333334, 0.9, 0.9, 0.9, 0.0, 0.8809523809523809, 0.875, 0.3244444444444445
0.9866666666666667, 0.8571428571428571, 0.8571428571428571, 0.8632478632478633, 0.15789473684210528, 0.8571428571428571, 0.869198312236287, 0.990990990990991, 0.8333333333333334, 0.8571428571428571, 0.8571428571428571, 0.8571428571428571, 0.8809523809523809, 0.8571428571428571, 0.8571428571428571, 0.8809523809523809, 0.8809523809523809, 0.0, 0.7291666666666666, 0.8933333333333332
0.9777777777777779, 0.22916666666666666, 0.22916666666666666, 0.9786324786324787, 0.912280701754386, 0.22916666666666666, 0.9789029535864979, 0.9774774774774775, 0.22916666666666666, 0.22916666666666666, 0.22916666666666666, 0.22916666666666666, 0.0625, 0.22916666666666666, 0.22916666666666666, 0.16666666666666666, 0.875, 0.7291666666666666, 0.0, 0.9777777777777779
0.26666666666666666, 0.9777777777777779, 0.9777777777777779, 0.2905982905982906, 0.9777777777777779, 0.9777777777777779, 0.270042194092827, 0.27999999999999997, 0.9777777777777779, 0.9466666666666667, 0.9466666666666667, 0.9777777777777779, 0.8666666666666667, 0.9466666666666667, 0.9777777777777779, 0.9377777777777778, 0.3244444444444445, 0.8933333333333332, 0.9777777777777779, 0.0
